1
4
0 0 0 0 0 0 0 0 0 0 0 0 0
0 0 0 0 0 0 0 0 0 0 0 0 0
0 0 0 0 0 0 0 0 0 0 0 0 0
.....#....#....#.............. 0 0 0 0 0 0 0 
253331731231 9 8 9 8 9 8 0 
ULDR 0 0 0 0 0 0 15 
LRUDRULUULRLUDD 0 0 0 0 0 0 0 

0 0 0 0 0 0 0 0 0 0 0 0 0
0 0 0 0 0 0 0 0 0 0 0 0 0
0 0 0 0 0 0 0 0 0 0 0 0 0
.......#...#...#...#...#...... 2 3 1 0 0 0 0
821141321141 5 -5 7 -7 3 -7 0
DRUL 2 3 2 2 2 3 14
LLLDDUDLLDDU 1 0 0 1 0 0 0
576 2 0 1 2 0 1 1 1 0 1 1 1
648 2 0 1 2 0 1 1 0 1 2 0 1
168 1 1 1 2 1 0 1 0 1 0 2 1
GAME_OVER 29 29 21 0 0 0 0
33232111133 14 -5 12 -5 7 0 0
LRUD 15 17 25 -1 -1 -1 1
ULDULRDDD 0 3 10 0 0 4 0
